
: 0  0  0  1  0  1  0  1  0  1  0  1
: 1  1  1  0  1  0  1
 : 0  1  1  1
,: 1  1  1  0  0  1
-: 0  0  0  1  0  1  0  1  0  1  0  0
.: 1  0  0  0  0  0
1: 0  0  1
2: 1  0  1  1  1
3: 1  0  0  0  1  1
4: 1  1  1  0  1  0  0
5: 0  0  0  1  0  1  0  0
6: 1  1  1  0  0  0  0  1  0
;: 0  0  0  1  0  0  0  0  1  0  1
?: 0  0  0  1  0  1  0  1  0  0
A: 1  0  0  0  0  1  0  1  1
B: 0  0  0  1  0  0  0  0  1  0  0
D: 0  0  0  1  0  1  0  1  0  1  1  1
E: 0  0  0  1  0  1  0  1  1  1
G: 1  0  0  0  0  1  1  1
H: 0  0  0  1  0  0  0  0  0
I: 0  0  0  1  0  0  0  0  1  1  1
L: 0  0  0  1  0  1  0  1  0  1  1  0
M: 1  1  1  0  0  0  0  0  0  1
N: 0  0  0  1  0  1  0  1  1  0
O: 0  0  0  1  0  0  0  0  1  1  0
P: 1  1  1  0  0  0  0  1  1  0  0  1
R: 1  0  0  0  0  1  0  1  0
S: 1  0  0  0  0  1  1  0  1
T: 1  0  0  0  0  1  1  0  0
U: 1  1  1  0  0  0  0  0  0  0
W: 1  1  1  0  0  0  1
Y: 1  1  1  0  0  0  0  1  1  1
a: 0  1  0  1
b: 1  0  0  0  1  0
c: 0  1  1  0  0  1
d: 1  1  0  0
e: 1  0  1  0
f: 0  1  1  0  0  0
g: 0  1  0  0  1  0
h: 1  0  1  1  0
i: 0  0  0  0  0
j: 1  1  1  0  0  0  0  1  1  0  0  0
k: 0  0  0  1  0  1  1
l: 0  1  0  0  0
m: 0  1  0  0  1  1
n: 0  0  0  1  1
o: 1  0  0  1
p: 1  1  1  0  1  1  0
q: 1  1  1  0  0  0  0  1  1  0  1
r: 0  0  0  0  1
s: 1  1  0  1
t: 1  1  1  1
u: 0  0  0  1  0  0  1
v: 1  1  1  0  1  1  1
w: 0  1  1  0  1  1
y: 0  1  1  0  1  0
’: 1  1  1  0  0  0  0  0  1
“: 0  0  0  1  0  0  0  1
”: 1  0  0  0  0  1  0  0
