
: 0  0  1  0  1  1  0  0
: 0  0  1  0  1  0  1  1
 : 1  1
!: 1  0  0  1  1  1  1  0  0  1  0  1
,: 1  0  0  1  1  0
-: 0  1  0  0  1  0  0  1  1  0
.: 0  1  0  0  1  1
1: 1  0  0  1  1  1  1  1  0  1  0  0  0  0  1  1
2: 1  0  0  1  1  1  1  1  0  1  0  0  0  0  1  0
:: 1  0  0  1  1  1  1  1  0  1  0  0  0  0  0
;: 0  1  0  1  1  0  1  0  1  1  0  0
?: 0  1  0  1  1  0  1  0  0
A: 1  0  0  1  1  1  1  1  1
B: 1  0  0  1  1  1  0  0  0
C: 0  1  0  0  1  0  0  1  0  1  1
D: 1  0  0  1  1  1  1  1  0  0  1
E: 1  0  0  1  1  1  1  0  0  1  1
F: 1  0  0  1  1  1  1  0  0  0
G: 0  1  0  0  1  0  0  1  0  0
H: 0  1  0  0  1  0  0  0  0
I: 0  0  1  0  1  0  1  0  0
J: 0  1  0  0  1  0  0  1  1  1
K: 1  0  0  1  1  1  1  0  0  1  0  0
L: 0  1  0  0  1  0  0  1  0  1  0
M: 0  1  0  1  1  0  1  0  1  0  0
N: 0  1  0  0  1  0  0  0  1  1
O: 0  1  0  1  1  0  1  0  1  0  1
P: 0  1  0  1  1  0  1  0  1  1  0  1
R: 1  0  0  1  1  1  0  0  1
S: 1  0  0  1  1  1  1  0  1
T: 0  1  0  1  1  0  1  1
U: 1  0  0  1  1  1  1  1  0  1  0  1
V: 1  0  0  1  1  1  1  1  0  1  0  0  1
W: 1  0  0  1  1  1  0  1
Y: 0  1  0  0  1  0  0  0  1  0  1
a: 0  1  1  1
b: 0  0  1  0  1  0  0
c: 1  0  0  1  0  1
d: 0  0  1  1  0
e: 0  0  0  0
f: 0  1  0  1  0  1
g: 0  1  0  1  0  0
h: 1  0  1  0
i: 0  0  1  0  0
j: 0  1  0  0  1  0  0  0  1  0  0
k: 0  1  0  1  1  0  0
l: 0  1  0  0  0
m: 0  1  0  1  1  1
n: 1  0  1  1
o: 1  0  0  0
p: 0  1  0  0  1  0  1
q: 0  1  0  1  1  0  1  0  1  1  1
r: 0  0  0  1  1
s: 0  0  0  1  0
t: 0  1  1  0
u: 0  0  1  1  1  1
v: 0  0  1  0  1  1  0  1
w: 0  0  1  1  1  0
x: 1  0  0  1  1  1  1  1  0  1  1
y: 1  0  0  1  0  0
z: 1  0  0  1  1  1  1  1  0  0  0
’: 0  0  1  0  1  0  1  0  1
“: 0  0  1  0  1  1  1  1
”: 0  0  1  0  1  1  1  0
．: 1  0  0  1  1  1  1  1  0  1  0  0  0  1
