
: 1  0  1  0  0  0  0  0  1  0  1  1  0  0  1  1
: 1  1  1  0  1  1  0
 : 0  1  1  0
!: 1  0  1  0  0  0  0  0  1  0  1  0
,: 1  0  1  0  0  1
-: 0  0  1  1  1  0  0  1  0  0
.: 0  0  1  1  1  1
1: 0  0  0
2: 0  1  0  0  1
3: 1  1  1  0  0  0  1
4: 1  1  1  0  1  0  1
5: 1  0  1  0  0  0  1
6: 1  1  1  0  0  0  0  1  0
7: 0  1  0  1  0  1  1  1  0  0  1  0  1
8: 1  0  1  0  0  0  0  0  1  0  1  1  0  0  1  0
:: 1  0  1  0  0  0  0  0  1  0  1  1  0  0  0
;: 0  1  0  1  0  1  1  1  0  0  1  1
?: 0  0  1  1  1  0  0  1  1
A: 1  1  1  0  1  0  0  0  1
B: 0  1  0  1  0  1  1  1  1
C: 0  0  1  1  1  0  0  0  1  1  1
D: 1  1  1  0  1  0  0  0  0  1  0
E: 1  1  1  0  1  0  0  0  0  0  0
F: 1  0  1  0  0  0  0  0  1  1
G: 0  0  1  1  1  0  0  0  1  0
H: 0  0  1  0  1  0  0  1  1
I: 1  1  1  0  1  0  0  1
J: 0  0  1  1  1  0  0  1  0  1
K: 1  0  1  0  0  0  0  0  1  0  0  1
L: 0  0  1  1  1  0  0  0  1  1  0
M: 0  1  0  1  0  1  1  1  0  0  0
N: 0  0  1  1  1  0  0  0  0  1
O: 0  1  0  1  0  1  1  1  0  1  0
P: 1  0  1  0  0  0  0  0  1  0  0  0
R: 1  0  1  0  0  0  0  0  0
S: 1  1  1  0  0  0  0  1  1
T: 1  1  1  0  0  0  0  0
U: 0  1  0  1  0  1  1  1  0  0  1  0  0
V: 1  0  1  0  0  0  0  0  1  0  1  1  1
W: 1  0  1  0  0  0  0  1
Y: 0  0  1  1  1  0  0  0  0  0  1
a: 1  0  0  0
b: 1  1  1  0  0  1
c: 0  1  1  1  0  1
d: 0  0  1  0  0
e: 1  1  0  0
f: 0  1  0  0  0  1
g: 0  1  0  0  0  0
h: 0  1  1  1  1
i: 1  1  1  1
j: 0  0  1  1  1  0  0  0  0  0  0
k: 0  1  0  1  0  1  0
l: 0  1  0  1  1
m: 0  1  0  1  0  0
n: 1  0  1  0  1
o: 1  0  0  1
p: 0  0  1  1  1  0  1
q: 0  1  0  1  0  1  1  1  0  1  1
r: 1  1  0  1
s: 1  0  1  1
t: 0  0  1  1  0
u: 0  0  1  0  1  0  1
v: 0  0  1  0  1  0  0  0
w: 0  0  1  0  1  1
x: 1  1  1  0  1  0  0  0  0  1  1
y: 0  1  1  1  0  0
z: 1  1  1  0  1  0  0  0  0  0  1
’: 0  0  1  0  1  0  0  1  0
“: 1  1  1  0  1  1  1
”: 0  1  0  1  0  1  1  0
．: 1  0  1  0  0  0  0  0  1  0  1  1  0  1
